function out = myQuadraticFunction(x)
Q = [658,45,925,200,-212;...
     45,1679,-40,-60,-508;...
     925,-40,1495,488,-178;...
     200,-60,488,695,54;...
     -212,-508,-178,54,328];
b = [1;-1;0;6;9];
out = 0.5*x'*Q*x-x'*b;
end
